,id,neg,neu,pos,compound,sentiment_score
0,1476566922598793216,0.0,0.902,0.098,0.4391,Positive
1,1476564942069239809,0.0,0.806,0.194,0.8126,Positive
2,1476564560605859844,0.073,0.618,0.309,0.9217,Positive
3,1476563073779617793,0.0,1.0,0.0,0.0,Neutral
4,1476561467969261575,0.0,0.758,0.242,0.4939,Positive
5,1476559480280297472,0.0,0.738,0.262,0.4939,Positive
6,1476555585243926533,0.0,0.879,0.121,0.6369,Positive
7,1476555343450996742,0.423,0.516,0.061,-0.8271,Negative
8,1476555136927477763,0.0,1.0,0.0,0.0,Neutral
9,1476554989635989506,0.282,0.718,0.0,-0.6249,Negative
10,1476554967024427011,0.0,0.881,0.119,0.6369,Positive
11,1476554939388231683,0.282,0.718,0.0,-0.6249,Negative
12,1476554864817852417,0.0,0.758,0.242,0.6249,Positive
13,1476554654926311428,0.0,0.881,0.119,0.6369,Positive
14,1476554638145081346,0.0,0.667,0.333,0.7574,Positive
15,1476554638082158593,0.055,0.694,0.251,0.8614,Positive
16,1476554502664867841,0.0,0.758,0.242,0.6249,Positive
17,1476554494603558917,0.0,0.881,0.119,0.6369,Positive
18,1476554384263815171,0.0,0.758,0.242,0.6249,Positive
19,1476554362717564931,0.0,0.881,0.119,0.6369,Positive
20,1476554314588069896,0.15,0.85,0.0,-0.6072,Negative
21,1476554238683598853,0.0,0.881,0.119,0.6369,Positive
22,1476554109801009152,0.0,0.879,0.121,0.6369,Positive
23,1476554025386405889,0.138,0.68,0.182,0.2023,Positive
24,1476553952153853956,0.0,0.879,0.121,0.6369,Positive
25,1476553903818764288,0.0,0.729,0.271,0.6795,Positive
26,1476553883967102980,0.0,0.879,0.121,0.6369,Positive
27,1476553260995465218,0.049,0.951,0.0,-0.3612,Negative
28,1476553053406781441,0.048,0.952,0.0,-0.3612,Negative
29,1476553002701844481,0.0,1.0,0.0,0.0,Neutral
30,1476552974566629378,0.056,0.688,0.256,0.8614,Positive
31,1476552879557148672,0.049,0.951,0.0,-0.3612,Negative
32,1476552797411704834,0.05,0.95,0.0,-0.3612,Negative
33,1476551283070832642,0.126,0.804,0.07,-0.4767,Negative
34,1476550492293525504,0.0,1.0,0.0,0.0,Neutral
35,1476550356318314496,0.123,0.877,0.0,-0.2732,Negative
36,1476539942725730311,0.0,0.842,0.158,0.4939,Positive
37,1476539868851449857,0.061,0.763,0.176,0.7585,Positive
38,1476539824471379973,0.067,0.726,0.207,0.8253,Positive
39,1476531063396655105,0.221,0.673,0.107,-0.2593,Negative
40,1476528891594428427,0.0,1.0,0.0,0.0,Neutral
41,1476528399967473667,0.0,0.851,0.149,0.5927,Positive
42,1476526530297749505,0.0,0.263,0.737,0.4215,Positive
43,1476525750119452676,0.0,0.915,0.085,0.5661,Positive
44,1476518970547187712,0.061,0.782,0.157,0.5346,Positive
45,1476517311389515779,0.0,0.794,0.206,0.6705,Positive
46,1476504559228887044,0.0,1.0,0.0,0.0,Neutral
47,1476501588088872962,0.2,0.8,0.0,-0.4588,Negative
48,1476495014930776064,0.0,0.616,0.384,0.9505,Positive
49,1476494318697267206,0.067,0.769,0.164,0.4404,Positive
50,1476491932729675778,0.288,0.673,0.039,-0.9682,Negative
51,1476491790190526466,0.0,1.0,0.0,0.0,Neutral
52,1476491480554516485,0.476,0.524,0.0,-0.6739,Negative
53,1476491184361017344,0.067,0.769,0.164,0.4404,Positive
54,1476490295512498177,0.067,0.769,0.164,0.4404,Positive
55,1476488769289084931,0.0,1.0,0.0,0.0,Neutral
56,1476488437024768002,0.0,0.489,0.511,0.9269,Positive
57,1476478688820613122,0.0,0.78,0.22,0.7345,Positive
58,1476477902942531591,0.0,1.0,0.0,0.0,Neutral
59,1476477231912210432,0.0,0.803,0.197,0.4019,Positive
60,1476476739979206658,0.0,1.0,0.0,0.0,Neutral
61,1476472864144560130,0.0,0.817,0.183,0.4215,Positive
62,1476472443552210945,0.101,0.899,0.0,-0.4466,Negative
63,1476446849875726336,0.0,0.814,0.186,0.4939,Positive
64,1476440769816932359,0.0,1.0,0.0,0.0,Neutral
65,1476440422486528001,0.0,0.948,0.052,0.0258,Neutral
66,1476437778669916163,0.0,0.916,0.084,0.0258,Neutral
67,1476432108491255813,0.0,0.573,0.427,0.5754,Positive
68,1476431743997849601,0.11,0.813,0.078,-0.2263,Negative
69,1476423216147140611,0.403,0.455,0.142,-0.6808,Negative
70,1476414867347103744,0.0,0.63,0.37,0.4466,Positive
71,1476414340484206592,0.0,1.0,0.0,0.0,Neutral
72,1476410580986580994,0.05,0.809,0.142,0.5365,Positive
73,1476401013305196550,0.064,0.806,0.13,0.4199,Positive
74,1476396568744009735,0.08,0.876,0.045,-0.3738,Negative
75,1476392675133820931,0.334,0.666,0.0,-0.9105,Negative
76,1476389966985019396,0.0,0.699,0.301,0.5106,Positive
77,1476389730333851650,0.0,0.843,0.157,0.8381,Positive
78,1476389635677102080,0.095,0.905,0.0,-0.296,Negative
79,1476387732339539971,0.0,1.0,0.0,0.0,Neutral
80,1476387575686479879,0.0,1.0,0.0,0.0,Neutral
81,1476382441212420096,0.0,0.909,0.091,0.1531,Positive
82,1476381284310134788,0.0,0.585,0.415,0.8818,Positive
83,1476381234590846981,0.0,0.585,0.415,0.8818,Positive
84,1476381056404234245,0.0,0.585,0.415,0.8818,Positive
85,1476380928045989889,0.0,0.585,0.415,0.8818,Positive
86,1476380887986155520,0.0,1.0,0.0,0.0,Neutral
87,1476380594321952778,0.0,0.585,0.415,0.8818,Positive
88,1476380547127599105,0.0,1.0,0.0,0.0,Neutral
89,1476380391833493505,0.0,0.585,0.415,0.8818,Positive
90,1476372449524600840,0.047,0.953,0.0,-0.296,Negative
91,1476368107820273669,0.0,0.922,0.078,0.4019,Positive
92,1476364207494860803,0.346,0.654,0.0,-0.6486,Negative
93,1476360546320470018,0.0,1.0,0.0,0.0,Neutral
94,1476359382413762560,0.0,0.84,0.16,0.5542,Positive
95,1476356346685448198,0.0,1.0,0.0,0.0,Neutral
96,1476355793461067776,0.119,0.812,0.069,-0.4939,Negative
97,1476354280672083970,0.0,1.0,0.0,0.0,Neutral
98,1476354263005732866,0.0,1.0,0.0,0.0,Neutral
99,1476354257532207113,0.0,1.0,0.0,0.0,Neutral
100,1476353398664577035,0.394,0.551,0.055,-0.8402,Negative
101,1476353064391086082,0.0,1.0,0.0,0.0,Neutral
102,1476347516069154816,0.219,0.725,0.056,-0.7046,Negative
103,1476328204801617930,0.068,0.658,0.273,0.8442,Positive
104,1476328157003366403,0.068,0.658,0.273,0.8442,Positive
105,1476328100401229831,0.068,0.658,0.273,0.8442,Positive
106,1476328058898587652,0.068,0.658,0.273,0.8442,Positive
107,1476327987771588609,0.07,0.649,0.281,0.8442,Positive
108,1476325959829704710,0.219,0.671,0.11,-0.6586,Negative
109,1476324787911901204,0.0,1.0,0.0,0.0,Neutral
110,1476311245632507907,0.0,0.408,0.592,0.4404,Positive
111,1476308410186579983,0.0,0.662,0.338,0.5574,Positive
112,1476303150772625408,0.0,0.927,0.073,0.3182,Positive
113,1476300945168506889,0.0,0.809,0.191,0.3802,Positive
114,1476295559292104713,0.0,1.0,0.0,0.0,Neutral
115,1476294497889890304,0.0,1.0,0.0,0.0,Neutral
116,1476289525454413838,0.0,0.868,0.132,0.6249,Positive
117,1476274919734452228,0.0,0.702,0.298,0.1779,Positive
118,1476272581418364939,0.036,0.816,0.148,0.7757,Positive
119,1476269206375120898,0.0,0.942,0.058,0.0772,Positive
120,1476264458544553985,0.081,0.778,0.141,0.25,Positive
121,1476263738105810946,0.0,1.0,0.0,0.0,Neutral
122,1476261510968131592,0.0,1.0,0.0,0.0,Neutral
123,1476259105174171655,0.607,0.393,0.0,-0.4753,Negative
124,1476258777699688450,0.302,0.698,0.0,-0.5983,Negative
125,1476256377681162242,0.0,0.646,0.354,0.5095,Positive
126,1476256214849884160,0.0,1.0,0.0,0.0,Neutral
127,1476255417344802817,0.0,1.0,0.0,0.0,Neutral
128,1476255213409345542,0.194,0.69,0.116,-0.7096,Negative
129,1476255177380274176,0.194,0.69,0.116,-0.7096,Negative
130,1476255148284387330,0.194,0.69,0.116,-0.7096,Negative
131,1476255117099868161,0.194,0.69,0.116,-0.7096,Negative
132,1476254733526466561,0.194,0.69,0.116,-0.7096,Negative
133,1476253122334900224,0.197,0.685,0.117,-0.7096,Negative
134,1476250319373967363,0.0,0.702,0.298,0.1779,Positive
135,1476247430630830080,0.052,0.812,0.135,0.5106,Positive
136,1476247226804420614,0.049,0.874,0.077,0.0129,Neutral
137,1476247140246585352,0.053,0.809,0.138,0.5106,Positive
138,1476243811084877825,0.13,0.836,0.034,-0.8006,Negative
139,1476241429802278914,0.0,0.935,0.065,0.25,Positive
140,1476238960905052167,0.053,0.847,0.101,0.4033,Positive
141,1476230309435871241,0.035,0.878,0.087,0.34,Positive
142,1476220009718423562,0.264,0.585,0.151,-0.8777,Negative
143,1476207415687270408,0.0,0.69,0.31,0.4019,Positive
144,1476205389427486721,0.0,0.649,0.351,0.4019,Positive
145,1476203503198502915,0.0,0.167,0.833,0.6124,Positive
146,1476195553260224522,0.0,1.0,0.0,0.0,Neutral
147,1476155207545499648,0.0,1.0,0.0,0.0,Neutral
148,1476110389473693696,0.0,1.0,0.0,0.0,Neutral
149,1476108030387310593,0.055,0.796,0.149,0.7405,Positive
150,1476106037937651712,0.082,0.723,0.195,0.484,Positive
151,1476101209379737602,0.205,0.795,0.0,-0.4767,Negative
152,1476070631431151619,0.0,1.0,0.0,0.0,Neutral
153,1476069680590827521,0.0,1.0,0.0,0.0,Neutral
154,1476067560164663299,0.0,0.945,0.055,0.4263,Positive
155,1476064753566904321,0.459,0.541,0.0,-0.8807,Negative
156,1476054570564419586,0.0,0.744,0.256,0.8851,Positive
157,1476034517865435136,0.0,0.423,0.577,0.6249,Positive
158,1476032755003805700,0.0,1.0,0.0,0.0,Neutral
159,1476022684429475840,0.119,0.803,0.078,-0.2481,Negative
160,1475999005138169859,0.419,0.581,0.0,-0.5574,Negative
161,1475994069344165888,0.0,0.841,0.159,0.51,Positive
162,1475993966806028299,0.0,0.836,0.164,0.51,Positive
163,1475993161021407235,0.0,0.8,0.2,0.4576,Positive
164,1475992972105760775,0.0,0.786,0.214,0.4576,Positive
165,1475992920058703878,0.0,0.77,0.23,0.4576,Positive
166,1475992889062797315,0.0,0.77,0.23,0.4576,Positive
167,1475992753263849476,0.0,0.667,0.333,0.4576,Positive
168,1475992648586600450,0.0,0.8,0.2,0.4576,Positive
169,1475992622921654285,0.0,0.795,0.205,0.6597,Positive
170,1475992428595359745,0.0,0.8,0.2,0.4576,Positive
171,1475992336844787713,0.0,1.0,0.0,0.0,Neutral
172,1475987335305175041,0.176,0.544,0.28,0.6115,Positive
173,1475986292538327044,0.0,0.873,0.127,0.4939,Positive
174,1475967921058942983,0.093,0.554,0.353,0.8173,Positive
175,1475967851773235207,0.097,0.538,0.365,0.8173,Positive
176,1475964314813022208,0.121,0.853,0.026,-0.7303,Negative
177,1475947133677326350,0.0,0.881,0.119,0.4019,Positive
178,1475947009710428162,0.0,0.876,0.124,0.4019,Positive
179,1475943860354355200,0.0,1.0,0.0,0.0,Neutral
180,1475940844502978568,0.0,1.0,0.0,0.0,Neutral
181,1475930133319991296,0.034,0.888,0.077,0.3612,Positive
182,1475929869250793474,0.035,0.885,0.08,0.3612,Positive
183,1475929781510164484,0.035,0.885,0.08,0.3612,Positive
184,1475929710198935553,0.035,0.885,0.08,0.3612,Positive
185,1475929619169640453,0.034,0.888,0.077,0.3612,Positive
186,1475929500814766081,0.035,0.885,0.08,0.3612,Positive
187,1475929295402930178,0.035,0.885,0.08,0.3612,Positive
188,1475929009565278210,0.032,0.827,0.141,0.6249,Positive
189,1475928407338745856,0.032,0.827,0.141,0.6249,Positive
190,1475928344872976385,0.031,0.831,0.138,0.6249,Positive
191,1475928122461548546,0.031,0.831,0.138,0.6249,Positive
192,1475927958917292036,0.032,0.827,0.141,0.6249,Positive
193,1475927855473180673,0.032,0.827,0.141,0.6249,Positive
194,1475927764150546436,0.032,0.827,0.141,0.6249,Positive
195,1475927639323865088,0.032,0.827,0.141,0.6249,Positive
196,1475927143838203904,0.0,0.85,0.15,0.6486,Positive
197,1475926855198724096,0.0,0.85,0.15,0.6486,Positive
198,1475926657097617408,0.0,0.854,0.146,0.6486,Positive
199,1475926603351740418,0.0,0.854,0.146,0.6486,Positive
200,1475926485256998912,0.086,0.719,0.194,0.3612,Positive
201,1475926134244225030,0.0,0.834,0.166,0.5562,Positive
202,1475925968153759749,0.0,0.85,0.15,0.6486,Positive
203,1475925372688420864,0.0,0.772,0.228,0.9457,Positive
204,1475924977593446405,0.0,0.755,0.245,0.8851,Positive
205,1475912507575484426,0.293,0.707,0.0,-0.4404,Negative
206,1475896498760077328,0.0,0.845,0.155,0.5661,Positive
207,1475892819986317313,0.04,0.821,0.139,0.7456,Positive
208,1475888061489758209,0.0,0.712,0.288,0.8834,Positive
209,1475873645918666753,0.0,0.615,0.385,0.3612,Positive
210,1475866848717643778,0.122,0.832,0.046,-0.6249,Negative
211,1475855752208203784,0.0,1.0,0.0,0.0,Neutral
212,1475853150263382021,0.0,1.0,0.0,0.0,Neutral
213,1475852239185096706,0.0,0.686,0.314,0.4939,Positive
214,1475851874049966090,0.0,1.0,0.0,0.0,Neutral
215,1475850857539321862,0.0,0.517,0.483,0.4215,Positive
216,1475850688991313925,0.0,1.0,0.0,0.0,Neutral
217,1475840636511301640,0.268,0.732,0.0,-0.296,Negative
218,1475819723170459653,0.0,1.0,0.0,0.0,Neutral
219,1475816542629679105,0.0,0.702,0.298,0.1779,Positive
220,1475810696717905928,0.0,1.0,0.0,0.0,Neutral
221,1475810206915436554,0.0,0.825,0.175,0.624,Positive
222,1475806056722821121,0.064,0.936,0.0,-0.4939,Negative
223,1475782634366070785,0.243,0.688,0.069,-0.5889,Negative
224,1475782181066657794,0.049,0.874,0.077,0.0129,Neutral
225,1475739074833133569,0.061,0.939,0.0,-0.296,Negative
226,1475735079926304778,0.0,1.0,0.0,0.0,Neutral
227,1475726249032962051,0.0,1.0,0.0,0.0,Neutral
228,1475713380593799168,0.0,0.432,0.568,0.836,Positive
229,1475713304001605635,0.333,0.667,0.0,-0.5423,Negative
230,1475712894247456768,0.0,1.0,0.0,0.0,Neutral
231,1475711430385029121,0.0,0.406,0.594,0.6588,Positive
232,1475711138650537986,0.0,1.0,0.0,0.0,Neutral
233,1475701682340339718,0.148,0.675,0.177,0.228,Positive
234,1475701598009634818,0.148,0.675,0.177,0.228,Positive
235,1475701506837987328,0.148,0.675,0.177,0.228,Positive
236,1475701479130517504,0.148,0.675,0.177,0.228,Positive
237,1475701143728799746,0.148,0.675,0.177,0.228,Positive
238,1475701105506009088,0.148,0.675,0.177,0.228,Positive
239,1475701026808291334,0.148,0.675,0.177,0.228,Positive
240,1475700958571212805,0.148,0.675,0.177,0.228,Positive
241,1475700851759013888,0.148,0.675,0.177,0.228,Positive
242,1475700747962654720,0.148,0.675,0.177,0.228,Positive
243,1475700636054343680,0.0,0.667,0.333,0.6124,Positive
244,1475694914033704963,0.0,1.0,0.0,0.0,Neutral
245,1475694653890465792,0.0,1.0,0.0,0.0,Neutral
246,1475693559067992065,0.0,0.484,0.516,0.4926,Positive
247,1475693487244791812,0.0,0.556,0.444,0.3382,Positive
248,1475693397113389058,0.0,0.913,0.087,0.3987,Positive
249,1475692752671150082,0.0,0.851,0.149,0.2732,Positive
250,1475692605371412486,0.0,1.0,0.0,0.0,Neutral
251,1475688071634964481,0.0,1.0,0.0,0.0,Neutral
252,1475686955081822213,0.0,0.607,0.393,0.3802,Positive
253,1475680722312597510,0.0,0.755,0.245,0.8851,Positive
254,1475676000440754176,0.0,1.0,0.0,0.0,Neutral
255,1475662583663411206,0.0,1.0,0.0,0.0,Neutral
256,1475654692696993796,0.191,0.754,0.055,-0.6901,Negative
257,1475648375953317890,0.158,0.842,0.0,-0.3089,Negative
258,1475648238183084034,0.0,0.683,0.317,0.784,Positive
259,1475641575418040324,0.0,1.0,0.0,0.0,Neutral
260,1475639749461385224,0.0,0.794,0.206,0.8852,Positive
261,1475634731270168587,0.242,0.521,0.237,-0.0274,Neutral
262,1475629984236646408,0.0,0.858,0.142,0.7543,Positive
263,1475620375425953792,0.184,0.756,0.06,-0.6966,Negative
264,1475611352169205762,0.0,1.0,0.0,0.0,Neutral
265,1475610723946577926,0.206,0.751,0.043,-0.8481,Negative
266,1475605685870075904,0.0,1.0,0.0,0.0,Neutral
267,1475600875242590216,0.0,1.0,0.0,0.0,Neutral
268,1475600688302415872,0.0,1.0,0.0,0.0,Neutral
269,1475600635378782212,0.0,1.0,0.0,0.0,Neutral
270,1475600374807646211,0.0,1.0,0.0,0.0,Neutral
271,1475600282335731716,0.0,1.0,0.0,0.0,Neutral
272,1475566052843171843,0.0,0.714,0.286,0.34,Positive
273,1475533726784401412,0.0,1.0,0.0,0.0,Neutral
274,1475517556706340869,0.0,1.0,0.0,0.0,Neutral
275,1475507779087515649,0.0,1.0,0.0,0.0,Neutral
276,1475495928840835083,0.427,0.573,0.0,-0.6381,Negative
277,1475488329445502978,0.0,0.451,0.549,0.9862,Positive
278,1475455866182713352,0.0,0.815,0.185,0.3612,Positive
279,1475435406522994697,0.39,0.452,0.158,-0.4753,Negative
280,1475435330727817216,0.0,0.94,0.06,0.2023,Positive
281,1475435253594533891,0.077,0.923,0.0,-0.5267,Negative
282,1475434921892233220,0.0,1.0,0.0,0.0,Neutral
283,1475432304675897345,0.0,1.0,0.0,0.0,Neutral
284,1475425341615206402,0.0,0.83,0.17,0.7783,Positive
285,1475419831553953802,0.0,1.0,0.0,0.0,Neutral
286,1475417186579611648,0.0,0.58,0.42,0.4404,Positive
287,1475381843168006146,0.213,0.68,0.107,-0.5964,Negative
288,1475381801464078347,0.213,0.68,0.107,-0.5964,Negative
289,1475381772867227652,0.213,0.68,0.107,-0.5964,Negative
290,1475381748900970498,0.213,0.68,0.107,-0.5964,Negative
291,1475381709684330500,0.213,0.68,0.107,-0.5964,Negative
292,1475381685881552898,0.213,0.68,0.107,-0.5964,Negative
293,1475381663165300739,0.213,0.68,0.107,-0.5964,Negative
294,1475381639526195203,0.213,0.68,0.107,-0.5964,Negative
295,1475381613345357825,0.213,0.68,0.107,-0.5964,Negative
296,1475381587214745602,0.213,0.68,0.107,-0.5964,Negative
297,1475381545707974661,0.213,0.68,0.107,-0.5964,Negative
298,1475381413042167809,0.209,0.686,0.105,-0.5964,Negative
299,1475381298718031872,0.213,0.68,0.107,-0.5964,Negative
300,1475381271006224384,0.213,0.68,0.107,-0.5964,Negative
301,1475381231936315400,0.213,0.68,0.107,-0.5964,Negative
302,1475381202660085761,0.213,0.68,0.107,-0.5964,Negative
303,1475381166463229953,0.213,0.68,0.107,-0.5964,Negative
304,1475381110259564544,0.213,0.68,0.107,-0.5964,Negative
305,1475381087270490112,0.213,0.68,0.107,-0.5964,Negative
306,1475381062641623047,0.213,0.68,0.107,-0.5964,Negative
307,1475380900015837186,0.213,0.68,0.107,-0.5964,Negative
308,1475380869825273857,0.213,0.68,0.107,-0.5964,Negative
309,1475380823813730307,0.213,0.68,0.107,-0.5964,Negative
310,1475380743035621378,0.213,0.68,0.107,-0.5964,Negative
311,1475380612592771077,0.213,0.68,0.107,-0.5964,Negative
312,1475380584507662336,0.213,0.68,0.107,-0.5964,Negative
313,1475380503872167936,0.213,0.68,0.107,-0.5964,Negative
314,1475380475267104768,0.213,0.68,0.107,-0.5964,Negative
315,1475380446154436611,0.213,0.68,0.107,-0.5964,Negative
316,1475380404488216577,0.213,0.68,0.107,-0.5964,Negative
317,1475380376277327873,0.213,0.68,0.107,-0.5964,Negative
318,1475380352390778885,0.213,0.68,0.107,-0.5964,Negative
319,1475380315451539461,0.213,0.68,0.107,-0.5964,Negative
320,1475380275878285317,0.213,0.68,0.107,-0.5964,Negative
321,1475380246174216192,0.213,0.68,0.107,-0.5964,Negative
322,1475380212967870465,0.213,0.68,0.107,-0.5964,Negative
323,1475380187659481091,0.213,0.68,0.107,-0.5964,Negative
324,1475380162669826048,0.213,0.68,0.107,-0.5964,Negative
325,1475380137252335620,0.213,0.68,0.107,-0.5964,Negative
326,1475380090146103296,0.213,0.68,0.107,-0.5964,Negative
327,1475380048404307970,0.213,0.68,0.107,-0.5964,Negative
328,1475379707453530117,0.213,0.68,0.107,-0.5964,Negative
329,1475379617418682368,0.213,0.68,0.107,-0.5964,Negative
330,1475379494345232387,0.213,0.68,0.107,-0.5964,Negative
331,1475379472568307713,0.213,0.68,0.107,-0.5964,Negative
332,1475379438279929860,0.213,0.68,0.107,-0.5964,Negative
333,1475379275205419008,0.213,0.68,0.107,-0.5964,Negative
334,1475379243941040128,0.213,0.68,0.107,-0.5964,Negative
335,1475379132003491842,0.213,0.68,0.107,-0.5964,Negative
336,1475379101535981569,0.213,0.68,0.107,-0.5964,Negative
337,1475379026768412672,0.213,0.68,0.107,-0.5964,Negative
338,1475378984833761283,0.213,0.68,0.107,-0.5964,Negative
339,1475378939392663556,0.213,0.68,0.107,-0.5964,Negative
340,1475378687851773958,0.213,0.68,0.107,-0.5964,Negative
341,1475378579491991554,0.213,0.68,0.107,-0.5964,Negative
342,1475378526152970240,0.213,0.68,0.107,-0.5964,Negative
343,1475378447031717888,0.213,0.68,0.107,-0.5964,Negative
344,1475378418854383616,0.213,0.68,0.107,-0.5964,Negative
345,1475378374839349251,0.213,0.68,0.107,-0.5964,Negative
346,1475378348763357185,0.213,0.68,0.107,-0.5964,Negative
347,1475378307331932163,0.213,0.68,0.107,-0.5964,Negative
348,1475378254898946050,0.213,0.68,0.107,-0.5964,Negative
349,1475378227321479171,0.213,0.68,0.107,-0.5964,Negative
350,1475378202629582848,0.213,0.68,0.107,-0.5964,Negative
351,1475378175991504896,0.213,0.68,0.107,-0.5964,Negative
352,1475378136917417989,0.213,0.68,0.107,-0.5964,Negative
353,1475378053736017924,0.213,0.68,0.107,-0.5964,Negative
354,1475378026087075840,0.213,0.68,0.107,-0.5964,Negative
355,1475373913924423681,0.213,0.68,0.107,-0.5964,Negative
356,1475373875177345027,0.213,0.68,0.107,-0.5964,Negative
357,1475373837273423874,0.213,0.68,0.107,-0.5964,Negative
358,1475373480770158592,0.213,0.68,0.107,-0.5964,Negative
359,1475373446146232321,0.213,0.68,0.107,-0.5964,Negative
360,1475373400319221768,0.213,0.68,0.107,-0.5964,Negative
361,1475373357952557061,0.213,0.68,0.107,-0.5964,Negative
362,1475373326050762752,0.213,0.68,0.107,-0.5964,Negative
363,1475373289140797444,0.213,0.68,0.107,-0.5964,Negative
364,1475373248816852992,0.213,0.68,0.107,-0.5964,Negative
365,1475373179011010566,0.213,0.68,0.107,-0.5964,Negative
366,1475373149122441218,0.209,0.686,0.105,-0.5964,Negative
367,1475373112216760324,0.209,0.686,0.105,-0.5964,Negative
368,1475369135106260992,0.0,1.0,0.0,0.0,Neutral
369,1475368597090361346,0.213,0.68,0.107,-0.5964,Negative
370,1475361814292537349,0.0,1.0,0.0,0.0,Neutral
371,1475337671463477248,0.297,0.654,0.049,-0.9359,Negative
372,1475325265459187712,0.0,0.87,0.13,0.6908,Positive
373,1475318873226301442,0.053,0.815,0.132,0.4102,Positive
374,1475315915256475649,0.102,0.73,0.168,0.4686,Positive
375,1475300137287270402,0.238,0.639,0.123,-0.6908,Negative
376,1475299312640958468,0.0,0.741,0.259,0.2732,Positive
377,1475255022480809985,0.0,1.0,0.0,0.0,Neutral
378,1475244564600475654,0.0,0.827,0.173,0.5556,Positive
379,1475244388087435265,0.0,0.827,0.173,0.5556,Positive
380,1475236999015632896,0.285,0.715,0.0,-0.7317,Negative
381,1475230868641751042,0.0,1.0,0.0,0.0,Neutral
382,1475229660250263555,0.209,0.686,0.105,-0.5964,Negative
383,1475216566732025857,0.0,0.788,0.212,0.8593,Positive
384,1475199894554087427,0.0,1.0,0.0,0.0,Neutral
385,1475183082982490116,0.0,1.0,0.0,0.0,Neutral
386,1475178447559397376,0.154,0.71,0.136,-0.0772,Negative
387,1475154096562733059,0.0,1.0,0.0,0.0,Neutral
388,1475150430946664451,0.148,0.675,0.177,0.228,Positive
389,1475113682015248392,0.151,0.849,0.0,-0.743,Negative
390,1475096530407211011,0.0,1.0,0.0,0.0,Neutral
391,1475096441248890882,0.279,0.721,0.0,-0.4767,Negative
392,1475083663205359617,0.076,0.786,0.138,0.3167,Positive
393,1475082963591307266,0.076,0.826,0.098,0.3147,Positive
394,1475081489054416900,0.158,0.753,0.089,-0.6562,Negative
395,1475080714995605517,0.055,0.864,0.08,0.0444,Neutral
396,1475080350393159686,0.112,0.835,0.052,-0.4361,Negative
397,1475079508025741312,0.0,0.674,0.326,0.4404,Positive
398,1475077558924455937,0.153,0.847,0.0,-0.4019,Negative
399,1475077380922392576,0.0,1.0,0.0,0.0,Neutral
400,1475074610899165187,0.15,0.722,0.129,-0.2946,Negative
401,1475068531657961477,0.07,0.749,0.181,0.5106,Positive
402,1475068497940348930,0.07,0.749,0.181,0.5106,Positive
403,1475068455653019649,0.07,0.749,0.181,0.5106,Positive
404,1475068408681013248,0.072,0.743,0.186,0.5106,Positive
405,1475066058104999943,0.0,0.743,0.257,0.5423,Positive
406,1475027729720430592,0.0,0.783,0.217,0.6441,Positive
407,1475024249127518209,0.121,0.879,0.0,-0.296,Negative
408,1474997384660750337,0.0,0.879,0.121,0.4404,Positive
409,1474942419661639682,0.231,0.769,0.0,-0.4588,Negative
410,1474938957431558145,0.0,0.677,0.323,0.3278,Positive
411,1474938484695580673,0.0,1.0,0.0,0.0,Neutral
412,1474937719772041216,0.0,1.0,0.0,0.0,Neutral
413,1474924122589306881,0.128,0.828,0.044,-0.6971,Negative
414,1474922638925393920,0.0,1.0,0.0,0.0,Neutral
415,1474915672610246662,0.0,0.827,0.173,0.5556,Positive
416,1474909983250825218,0.0,0.821,0.179,0.5556,Positive
417,1474909701930377216,0.0,0.821,0.179,0.5556,Positive
418,1474909563510046726,0.0,0.821,0.179,0.5556,Positive
419,1474862071099523072,0.0,1.0,0.0,0.0,Neutral
420,1474861979794030593,0.0,1.0,0.0,0.0,Neutral
421,1474861785916207106,0.0,1.0,0.0,0.0,Neutral
422,1474861695331753986,0.0,1.0,0.0,0.0,Neutral
423,1474861356381659138,0.0,1.0,0.0,0.0,Neutral
424,1474859469079289861,0.319,0.681,0.0,-0.7579,Negative
425,1474845159716122625,0.0,0.649,0.351,0.4019,Positive
426,1474844731003834377,0.138,0.644,0.218,0.6596,Positive
427,1474844674032644096,0.138,0.644,0.218,0.6596,Positive
428,1474835473147203585,0.0,1.0,0.0,0.0,Neutral
429,1474829499778936837,0.067,0.83,0.103,0.4041,Positive
430,1474817984841408516,0.0,1.0,0.0,0.0,Neutral
431,1474812551703969792,0.0,0.878,0.122,0.3612,Positive
432,1474812483982528516,0.133,0.729,0.138,-0.1813,Negative
433,1474811960764076037,0.095,0.748,0.157,0.6115,Positive
434,1474810203992428547,0.0,0.912,0.088,0.4497,Positive
435,1474809376896471041,0.0,0.879,0.121,0.7184,Positive
436,1474805674903175172,0.146,0.747,0.107,-0.2083,Negative
437,1474791597933879297,0.0,0.646,0.354,0.8555,Positive
438,1474786683493265411,0.277,0.723,0.0,-0.3182,Negative
439,1474785094925795331,0.0,0.87,0.13,0.6531,Positive
440,1474783971204608010,0.0,0.874,0.126,0.6351,Positive
441,1474781717013536769,0.098,0.576,0.327,0.9136,Positive
442,1474780930422165509,0.0,0.456,0.544,0.9753,Positive
443,1474780633310191617,0.052,0.675,0.274,0.9473,Positive
444,1474779580678348801,0.0,0.953,0.047,0.4215,Positive
445,1474774171687305216,0.143,0.764,0.093,-0.504,Negative
446,1474773755029118977,0.192,0.755,0.053,-0.8439,Negative
447,1474772582515679239,0.0,1.0,0.0,0.0,Neutral
448,1474764292205551626,0.0,1.0,0.0,0.0,Neutral
449,1474760175932293124,0.0,1.0,0.0,0.0,Neutral
450,1474759052223733761,0.0,1.0,0.0,0.0,Neutral
451,1474758707829428228,0.315,0.685,0.0,-0.6808,Negative
452,1474734399165976577,0.0,1.0,0.0,0.0,Neutral
453,1474728865268477954,0.0,0.787,0.213,0.4019,Positive
454,1474728513282338817,0.0,1.0,0.0,0.0,Neutral
455,1474704637936689155,0.06,0.68,0.26,0.7319,Positive
456,1474701288382382085,0.059,0.841,0.1,0.2787,Positive
457,1474700425442074627,0.0,0.616,0.384,0.9622,Positive
458,1474699279616798725,0.179,0.786,0.035,-0.8254,Negative
459,1474696741807001602,0.044,0.605,0.351,0.9288,Positive
460,1474695645349158912,0.0,0.685,0.315,0.3182,Positive
461,1474683943186472964,0.0,0.753,0.247,0.3182,Positive
462,1474669992209797121,0.0,1.0,0.0,0.0,Neutral
463,1474669935154630659,0.0,1.0,0.0,0.0,Neutral
464,1474661835081064448,0.0,1.0,0.0,0.0,Neutral
465,1474653991099252737,0.0,0.833,0.167,0.25,Positive
466,1474643445851385860,0.0,1.0,0.0,0.0,Neutral
467,1474638808171778052,0.065,0.935,0.0,-0.4897,Negative
468,1474614281450639361,0.0,0.775,0.225,0.4939,Positive
469,1474613754671157249,0.0,1.0,0.0,0.0,Neutral
470,1474613690657763330,0.0,0.789,0.211,0.4939,Positive
471,1474613663659020288,0.0,1.0,0.0,0.0,Neutral
472,1474613279011991555,0.0,0.775,0.225,0.4939,Positive
473,1474613134727909376,0.0,0.775,0.225,0.4939,Positive
474,1474612903458209793,0.0,1.0,0.0,0.0,Neutral
475,1474612820373245955,0.0,0.789,0.211,0.4939,Positive
476,1474612698532892674,0.0,0.775,0.225,0.4939,Positive
477,1474612389999828994,0.0,0.789,0.211,0.4939,Positive
478,1474612270277619715,0.0,0.789,0.211,0.4939,Positive
479,1474612021911977984,0.0,0.775,0.225,0.4939,Positive
480,1474609847635226625,0.0,0.922,0.078,0.4019,Positive
481,1474606703941402624,0.0,0.711,0.289,0.7845,Positive
482,1474606535963643906,0.0,0.676,0.324,0.3382,Positive
483,1474606503986221057,0.137,0.737,0.126,-0.1027,Negative
484,1474605937499394054,0.0,0.626,0.374,0.3382,Positive
485,1474605780997312514,0.128,0.669,0.203,0.3818,Positive
486,1474604576867246081,0.208,0.792,0.0,-0.7845,Negative
487,1474593142963802112,0.0,0.976,0.024,0.0772,Positive
488,1474586100798660611,0.0,0.781,0.219,0.6369,Positive
489,1474576500082950148,0.286,0.714,0.0,-0.6124,Negative
490,1474564421804445699,0.338,0.662,0.0,-0.93,Negative
491,1474534007597527040,0.12,0.743,0.138,0.0,Neutral
492,1474526288278958088,0.0,0.472,0.528,0.7717,Positive
493,1474523478959308802,0.0,1.0,0.0,0.0,Neutral
494,1474516071931650053,0.0,1.0,0.0,0.0,Neutral
495,1474514238001528844,0.151,0.748,0.101,-0.1779,Negative
496,1474503583206821888,0.08,0.788,0.132,0.501,Positive
497,1474495463596302336,0.026,0.786,0.188,0.8465,Positive
498,1474493663765929984,0.026,0.771,0.203,0.8854,Positive
499,1474489539473281024,0.245,0.755,0.0,-0.6705,Negative
500,1474475439313731587,0.145,0.855,0.0,-0.296,Negative
501,1474473164897808384,0.095,0.711,0.194,0.4489,Positive
502,1474466489994555394,0.113,0.64,0.246,0.4019,Positive
503,1474462710347837442,0.0,1.0,0.0,0.0,Neutral
504,1474458714438520838,0.0,0.902,0.098,0.4449,Positive
505,1474458386125238279,0.0,0.961,0.039,0.0258,Neutral
506,1474457055717064707,0.086,0.727,0.188,0.7667,Positive
507,1474448478592020480,0.0,1.0,0.0,0.0,Neutral
508,1474439863361548288,0.0,0.58,0.42,0.5599,Positive
509,1474433404959703048,0.103,0.746,0.151,0.4329,Positive
510,1474433345807388696,0.103,0.746,0.151,0.4329,Positive
511,1474433304686432276,0.103,0.746,0.151,0.4329,Positive
512,1474433196846637059,0.1,0.753,0.147,0.4329,Positive
513,1474433097752096772,0.1,0.753,0.147,0.4329,Positive
514,1474431417618731028,0.597,0.403,0.0,-0.9569,Negative
515,1474428906614640642,0.094,0.732,0.174,0.3182,Positive
516,1474413537627881472,0.073,0.89,0.037,-0.3071,Negative
517,1474398314607296514,0.0,1.0,0.0,0.0,Neutral
518,1474396077847715852,0.0,1.0,0.0,0.0,Neutral
519,1474384134957064193,0.0,0.826,0.174,0.759,Positive
520,1474375122219843591,0.0,0.704,0.296,0.5826,Positive
521,1474370513485058053,0.0,1.0,0.0,0.0,Neutral
522,1474367190132477954,0.0,0.879,0.121,0.358,Positive
523,1474363686433304583,0.0,1.0,0.0,0.0,Neutral
524,1474356453821587469,0.0,1.0,0.0,0.0,Neutral
525,1474356306626682900,0.0,1.0,0.0,0.0,Neutral
526,1474348856921899008,0.074,0.82,0.106,0.0147,Neutral
527,1474336780690227202,0.044,0.605,0.351,0.9288,Positive
528,1474334243639726080,0.102,0.717,0.181,0.2732,Positive
529,1474334242683244547,0.0,0.873,0.127,0.6597,Positive
530,1474333842781655042,0.0,0.643,0.357,0.836,Positive
531,1474333548089905155,0.0,0.787,0.213,0.4019,Positive
532,1474333325674307585,0.08,0.769,0.152,0.6863,Positive
533,1474332613494161408,0.0,1.0,0.0,0.0,Neutral
534,1474330080373620769,0.0,1.0,0.0,0.0,Neutral
535,1474324622757838874,0.0,0.632,0.368,0.872,Positive
536,1474320163310735361,0.0,0.8,0.2,0.8591,Positive
537,1474316285848829979,0.0,0.628,0.372,0.7717,Positive
538,1474314495543681024,0.112,0.727,0.161,0.2023,Positive
539,1474309945411596288,0.0,1.0,0.0,0.0,Neutral
540,1474308624071610370,0.087,0.581,0.332,0.6808,Positive
541,1474287128146235394,0.22,0.727,0.053,-0.8481,Negative
542,1474285156198502403,0.104,0.695,0.201,0.3612,Positive
543,1474282392911241238,0.128,0.771,0.102,-0.1027,Negative
544,1474278900121362472,0.0,1.0,0.0,0.0,Neutral
545,1474277787020181504,0.0,1.0,0.0,0.0,Neutral
546,1474273771980673026,0.0,1.0,0.0,0.0,Neutral
547,1474273649054081047,0.184,0.816,0.0,-0.7835,Negative
548,1474260284818681863,0.0,1.0,0.0,0.0,Neutral
549,1474247092491202573,0.0,1.0,0.0,0.0,Neutral
550,1474245397497454592,0.0,0.774,0.226,0.8779,Positive
551,1474243937644785679,0.0,0.847,0.153,0.4019,Positive
552,1474243827003240449,0.0,0.774,0.226,0.8779,Positive
553,1474237604606316544,0.0,0.71,0.29,0.4329,Positive
554,1474229145701814274,0.149,0.814,0.038,-0.784,Negative
555,1474197878826422274,0.0,1.0,0.0,0.0,Neutral
556,1474178663847505927,0.0,1.0,0.0,0.0,Neutral
557,1474174390292074496,0.0,1.0,0.0,0.0,Neutral
558,1474170938362982415,0.106,0.772,0.122,-0.0268,Neutral
559,1474158384660291593,0.0,1.0,0.0,0.0,Neutral
560,1474152547564679174,0.0,1.0,0.0,0.0,Neutral
561,1474146739431120902,0.078,0.922,0.0,-0.466,Negative
562,1474145943050203148,0.0,0.956,0.044,0.0258,Neutral
563,1474138799991144452,0.0,1.0,0.0,0.0,Neutral
564,1474137788333408268,0.0,1.0,0.0,0.0,Neutral
565,1474137713498595338,0.0,1.0,0.0,0.0,Neutral
566,1474137656904884227,0.0,1.0,0.0,0.0,Neutral
567,1474137560486137862,0.0,1.0,0.0,0.0,Neutral
568,1474137454944919552,0.0,1.0,0.0,0.0,Neutral
569,1474137309423484932,0.0,1.0,0.0,0.0,Neutral
570,1474137262640222208,0.0,1.0,0.0,0.0,Neutral
571,1474137188573011975,0.0,1.0,0.0,0.0,Neutral
572,1474137145493405697,0.0,1.0,0.0,0.0,Neutral
573,1474137060701351936,0.0,1.0,0.0,0.0,Neutral
574,1474129825480814594,0.103,0.746,0.151,0.4329,Positive
575,1474122093725954058,0.082,0.755,0.163,0.4019,Positive
576,1474114810157617152,0.0,1.0,0.0,0.0,Neutral
577,1474110055968649224,0.0,0.852,0.148,0.7543,Positive
578,1474109529780543497,0.483,0.517,0.0,-0.4215,Negative
579,1474092258739822597,0.169,0.791,0.04,-0.8827,Negative
580,1474088312608538627,0.0,1.0,0.0,0.0,Neutral
581,1474087594552086535,0.0,1.0,0.0,0.0,Neutral
582,1474084286957510658,0.0,0.886,0.114,0.4767,Positive
583,1474083561623937025,0.0,1.0,0.0,0.0,Neutral
584,1474055919021412356,0.0,1.0,0.0,0.0,Neutral
585,1474038768948576259,0.0,1.0,0.0,0.0,Neutral
586,1474038700795330561,0.0,1.0,0.0,0.0,Neutral
587,1474028383923146752,0.0,0.946,0.054,0.3612,Positive
588,1473994064504623104,0.166,0.594,0.241,0.34,Positive
589,1473973754761867267,0.0,0.758,0.242,0.8203,Positive
590,1473965442150518787,0.087,0.722,0.191,0.6808,Positive
591,1473954037250756611,0.0,1.0,0.0,0.0,Neutral
592,1473952151101755392,0.0,0.915,0.085,0.3239,Positive
593,1473946600963657734,0.056,0.732,0.212,0.7227,Positive
594,1473946019415134212,0.0,1.0,0.0,0.0,Neutral
595,1473935433587249155,0.171,0.581,0.248,0.34,Positive
596,1473922186797027328,0.0,0.679,0.321,0.8957,Positive
597,1473912774589829126,0.0,1.0,0.0,0.0,Neutral
598,1473903096317325312,0.045,0.803,0.152,0.636,Positive
599,1473875232125456384,0.0,1.0,0.0,0.0,Neutral
600,1473871963500204036,0.0,0.37,0.63,0.34,Positive
601,1473835107324735489,0.0,0.609,0.391,0.9041,Positive
602,1473822369198211074,0.077,0.765,0.158,0.4767,Positive
603,1473764575002738696,0.0,1.0,0.0,0.0,Neutral
604,1473764222534303753,0.0,1.0,0.0,0.0,Neutral
605,1473759466042572809,0.0,0.69,0.31,0.4019,Positive
606,1473751465692905474,0.091,0.874,0.034,-0.4563,Negative
607,1473750764933861376,0.0,0.792,0.208,0.6705,Positive
608,1473743601184165890,0.0,1.0,0.0,0.0,Neutral
609,1473740537702322179,0.081,0.919,0.0,-0.296,Negative
610,1473728915051012104,0.08,0.764,0.156,0.3169,Positive
611,1473724347718279177,0.171,0.581,0.248,0.34,Positive
612,1473714792628162560,0.585,0.415,0.0,-0.6408,Negative
613,1473714535987134467,0.444,0.556,0.0,-0.6115,Negative
614,1473713802667610113,0.0,0.862,0.138,0.5228,Positive
615,1473712595907534860,0.0,1.0,0.0,0.0,Neutral
616,1473709759220097025,0.176,0.667,0.158,-0.2047,Negative
617,1473707070297972739,0.0,0.862,0.138,0.6808,Positive
618,1473699620035387402,0.0,0.762,0.238,0.3612,Positive
619,1473697468181360657,0.094,0.854,0.052,-0.2796,Negative
620,1473682651773120527,0.137,0.66,0.203,0.0772,Positive
621,1473664335645974534,0.0,1.0,0.0,0.0,Neutral
622,1473663507900026883,0.0,1.0,0.0,0.0,Neutral
623,1473662924925415431,0.0,1.0,0.0,0.0,Neutral
624,1473662243598487555,0.128,0.658,0.214,0.3182,Positive
625,1473647876379140102,0.117,0.74,0.143,0.128,Positive
626,1473646111848124431,0.076,0.765,0.159,0.6395,Positive
627,1473639995382452229,0.093,0.807,0.099,0.0516,Positive
628,1473639914658951171,0.093,0.807,0.099,0.0516,Positive
629,1473639868077346821,0.0,1.0,0.0,0.0,Neutral
630,1473639788238364679,0.093,0.807,0.099,0.0516,Positive
631,1473639589852053506,0.093,0.807,0.099,0.0516,Positive
632,1473639400441409538,0.09,0.813,0.096,0.0516,Positive
633,1473639279947485184,0.096,0.801,0.103,0.0516,Positive
634,1473639225346359297,0.096,0.801,0.103,0.0516,Positive
635,1473639167166861321,0.096,0.801,0.103,0.0516,Positive
636,1473639094429224964,0.096,0.801,0.103,0.0516,Positive
637,1473639043174834179,0.096,0.801,0.103,0.0516,Positive
638,1473638937402871810,0.096,0.801,0.103,0.0516,Positive
639,1473638851247632396,0.09,0.813,0.096,0.0516,Positive
640,1473633870205571081,0.101,0.899,0.0,-0.6688,Negative
641,1473628788080656391,0.149,0.752,0.099,-0.1779,Negative
642,1473616549663674372,0.0,0.901,0.099,0.5423,Positive
643,1473608530829529089,0.0,0.769,0.231,0.4019,Positive
644,1473604295320760323,0.193,0.807,0.0,-0.4767,Negative
645,1473603374062964739,0.0,1.0,0.0,0.0,Neutral
646,1473603262452539393,0.0,0.847,0.153,0.6808,Positive
647,1473602973808926722,0.037,0.691,0.273,0.8628,Positive
648,1473597453446172674,0.0,1.0,0.0,0.0,Neutral
649,1473572449056874499,0.0,0.723,0.277,0.7096,Positive
650,1473569824987131905,0.0,0.584,0.416,0.7506,Positive
651,1473569306067841031,0.046,0.714,0.24,0.886,Positive
652,1473569130993401856,0.0,0.816,0.184,0.6369,Positive
653,1473566799245496324,0.161,0.726,0.113,-0.3473,Negative
654,1473563767933911040,0.0,1.0,0.0,0.0,Neutral
655,1473557255836557313,0.0,1.0,0.0,0.0,Neutral
656,1473538742963122176,0.0,0.775,0.225,0.4939,Positive
657,1473538469808926724,0.074,0.753,0.174,0.5939,Positive
658,1473538131911655425,0.0,0.649,0.351,0.7579,Positive
659,1473533491128066052,0.092,0.908,0.0,-0.5778,Negative
660,1473532573146128389,0.151,0.748,0.101,-0.1779,Negative
661,1473531691146825729,0.341,0.541,0.119,-0.6249,Negative
662,1473515665407447041,0.0,1.0,0.0,0.0,Neutral
663,1473511918232948738,0.316,0.684,0.0,-0.5719,Negative
664,1473492737702100996,0.0,0.588,0.412,0.8718,Positive
665,1473490480629379075,0.143,0.857,0.0,-0.7469,Negative
666,1473487349460135941,0.0,1.0,0.0,0.0,Neutral
667,1473470672416477185,0.156,0.715,0.129,0.1093,Positive
668,1473469856397803521,0.563,0.252,0.185,-0.6705,Negative
669,1473462794548912129,0.0,0.806,0.194,0.34,Positive
670,1473435912797405187,0.0,1.0,0.0,0.0,Neutral
671,1473427281657929737,0.053,0.9,0.047,-0.0516,Negative
672,1473406492934303744,0.259,0.741,0.0,-0.5994,Negative
673,1473400514591301632,0.159,0.779,0.062,-0.5037,Negative
674,1473394640476938246,0.0,0.681,0.319,0.5791,Positive
675,1473385054378377229,0.0,0.769,0.231,0.6369,Positive
676,1473384946601504769,0.0,1.0,0.0,0.0,Neutral
677,1473383083005075456,0.0,1.0,0.0,0.0,Neutral
678,1473376935677997062,0.0,1.0,0.0,0.0,Neutral
679,1473371750205296640,0.043,0.617,0.34,0.9248,Positive
680,1473371638079148034,0.018,0.692,0.29,0.9523,Positive
681,1473370980714168327,0.307,0.693,0.0,-0.8555,Negative
682,1473369490247274503,0.445,0.506,0.049,-0.9764,Negative
683,1473359340304166915,0.0,0.312,0.688,0.296,Positive
684,1473344548793294848,0.043,0.617,0.34,0.9248,Positive
685,1473337986397847552,0.095,0.859,0.046,-0.3818,Negative
686,1473330245877088262,0.0,0.657,0.343,0.2714,Positive
687,1473330157012324366,0.083,0.917,0.0,-0.25,Negative
688,1473296293879500800,0.0,0.801,0.199,0.2481,Positive
689,1473296192670945281,0.0,0.722,0.278,0.6124,Positive
690,1473295990761394180,0.2,0.8,0.0,-0.7383,Negative
691,1473283584693727232,0.0,0.694,0.306,0.296,Positive
692,1473267732632289287,0.0,0.653,0.347,0.8934,Positive
693,1473260716476223488,0.0,1.0,0.0,0.0,Neutral
694,1473259666113138693,0.0,1.0,0.0,0.0,Neutral
695,1473253773510336513,0.0,1.0,0.0,0.0,Neutral
696,1473253296357863424,0.0,0.873,0.127,0.5423,Positive
697,1473252083142823936,0.0,0.74,0.26,0.8316,Positive
698,1473251580048596995,0.0,0.74,0.26,0.8316,Positive
699,1473250962236084229,0.0,0.81,0.19,0.6597,Positive
700,1473250138210508800,0.0,0.747,0.253,0.8316,Positive
701,1473249800921358337,0.0,0.74,0.26,0.8316,Positive
702,1473249620117491713,0.0,0.74,0.26,0.8316,Positive
703,1473248931240833024,0.0,0.74,0.26,0.8316,Positive
704,1473248726927831044,0.0,0.747,0.253,0.8316,Positive
705,1473248025564770307,0.034,0.735,0.231,0.8176,Positive
706,1473237778783944709,0.133,0.867,0.0,-0.3818,Negative
707,1473230728221573130,0.072,0.928,0.0,-0.4939,Negative
708,1473225547245367300,0.0,0.901,0.099,0.5423,Positive
709,1473215398845849603,0.0,0.627,0.373,0.8885,Positive
710,1473205752969842694,0.0,1.0,0.0,0.0,Neutral
711,1473204109561921536,0.0,1.0,0.0,0.0,Neutral
712,1473194219628113922,0.04,0.784,0.176,0.7757,Positive
713,1473179807282184200,0.0,1.0,0.0,0.0,Neutral
714,1473170045249495043,0.0,1.0,0.0,0.0,Neutral
715,1473161262360150019,0.0,1.0,0.0,0.0,Neutral
716,1473161138431049728,0.0,1.0,0.0,0.0,Neutral
717,1473160937712590850,0.0,1.0,0.0,0.0,Neutral
718,1473155988052082689,0.183,0.817,0.0,-0.5853,Negative
719,1473148227943747587,0.042,0.625,0.333,0.9248,Positive
720,1473147290135138304,0.23,0.724,0.046,-0.8718,Negative
721,1473127473189728257,0.0,0.253,0.747,0.7096,Positive
722,1473126673058983936,0.135,0.774,0.091,-0.598,Negative
723,1473126209529786381,0.203,0.353,0.444,0.9843,Positive
724,1473125996224294912,0.0,0.694,0.306,0.5473,Positive
725,1473125188694777856,0.0,1.0,0.0,0.0,Neutral
726,1473124566188711941,0.0,1.0,0.0,0.0,Neutral
727,1473123121871872003,0.0,1.0,0.0,0.0,Neutral
728,1473119699546353665,0.0,1.0,0.0,0.0,Neutral
729,1473110433108160514,0.0,1.0,0.0,0.0,Neutral
730,1473097409664368640,0.352,0.534,0.114,-0.9567,Negative
731,1473084354394042371,0.147,0.853,0.0,-0.7959,Negative
